seedl = 42, 
 seed = 42, r = 32,  atthead = 2, atten_dropout = 0.0001, win = 10, cls_dropout = 0.001, learning_rate = 0.0001, accuracy = 0.9985386747291509,
 reg best loss = 0.3626095950603485, reg_dropout = 0.001, reg_weight = 0.4

